0.63	0.0	
0.63	0.002	
0.628	0.004	
0.628	0.006	
0.628	0.008	
0.626	0.01	
0.626	0.012	
0.626	0.014	
0.624	0.016	
0.624	0.018	
0.622	0.02	
0.622	0.022	
0.622	0.024	
0.62	0.026	
0.62	0.028	
0.62	0.03	
0.618	0.032	
0.618	0.034	
0.618	0.036	
0.616	0.038	
0.616	0.04	
0.616	0.042	
0.614	0.044	
0.614	0.046	
0.612	0.048	
0.612	0.05	
0.612	0.052	
0.61	0.054	
0.61	0.056	
0.61	0.058	
0.608	0.06	
0.608	0.062	
0.608	0.064	
0.606	0.066	
0.606	0.068	
0.606	0.07	
0.604	0.072	
0.604	0.074	
0.604	0.076	
0.602	0.078	
0.602	0.08	
0.602	0.082	
0.6	0.084	
0.6	0.086	
0.6	0.088	
0.598	0.09	
0.598	0.092	
0.598	0.094	
0.596	0.096	
0.596	0.098	
0.596	0.1	
0.594	0.102	
0.594	0.104	
0.594	0.106	
0.592	0.108	
0.592	0.11	
0.592	0.112	
0.592	0.114	
0.59	0.116	
0.59	0.118	
0.59	0.12	
0.588	0.122	
0.588	0.124	
0.588	0.126	
0.586	0.128	
0.586	0.13	
0.586	0.132	
0.586	0.134	
0.584	0.136	
0.584	0.138	
0.584	0.14	
0.582	0.142	
0.582	0.144	
0.582	0.146	
0.58	0.148	
0.58	0.15	
0.58	0.152	
0.58	0.154	
0.578	0.156	
0.578	0.158	
0.578	0.16	
0.578	0.162	
0.576	0.164	
0.576	0.166	
0.576	0.168	
0.576	0.17	
0.574	0.172	
0.574	0.174	
0.574	0.176	
0.574	0.178	
0.572	0.18	
0.572	0.182	
0.572	0.184	
0.572	0.186	
0.57	0.188	
0.57	0.19	
0.57	0.192	
0.57	0.194	
0.568	0.196	
0.568	0.198	
0.568	0.2	
0.568	0.202	
0.566	0.204	
0.566	0.206	
0.566	0.208	
0.566	0.21	
0.566	0.212	
0.564	0.214	
0.564	0.216	
0.564	0.218	
0.564	0.22	
0.564	0.222	
0.562	0.224	
0.562	0.226	
0.562	0.228	
0.562	0.23	
0.562	0.232	
0.56	0.234	
0.56	0.236	
0.56	0.238	
0.56	0.24	
0.56	0.242	
0.56	0.244	
0.558	0.246	
0.558	0.248	
0.558	0.25	
0.558	0.252	
0.558	0.254	
0.558	0.256	
0.558	0.258	
0.556	0.26	
0.556	0.262	
0.556	0.264	
0.556	0.266	
0.556	0.268	
0.556	0.27	
0.556	0.272	
0.556	0.274	
0.554	0.276	
0.554	0.278	
0.554	0.28	
0.554	0.282	
0.554	0.284	
0.554	0.286	
0.554	0.288	
0.554	0.29	
0.554	0.292	
0.552	0.294	
0.552	0.296	
0.552	0.298	
0.552	0.3	
0.552	0.302	
0.552	0.304	
0.552	0.306	
0.552	0.308	
0.552	0.31	
0.552	0.312	
0.552	0.314	
0.552	0.316	
0.55	0.318	
0.55	0.32	
0.55	0.322	
0.55	0.324	
0.55	0.326	
0.55	0.328	
0.55	0.33	
0.55	0.332	
0.55	0.334	
0.55	0.336	
0.55	0.338	
0.55	0.34	
0.55	0.342	
0.55	0.344	
0.55	0.346	
0.55	0.348	
0.55	0.35	
0.55	0.352	
0.55	0.354	
0.55	0.356	
0.55	0.358	
0.55	0.36	
0.548	0.362	
0.548	0.364	
0.548	0.366	
0.548	0.368	
0.548	0.37	
0.548	0.372	
0.548	0.374	
0.548	0.376	
0.548	0.378	
0.548	0.38	
0.548	0.382	
0.548	0.384	
0.548	0.386	
0.548	0.388	
0.548	0.39	
0.548	0.392	
0.548	0.394	
0.548	0.396	
0.548	0.398	
0.548	0.4	
0.548	0.402	
0.548	0.404	
0.548	0.406	
0.548	0.408	
0.548	0.41	
0.548	0.412	
0.548	0.414	
0.548	0.416	
0.548	0.418	
0.548	0.42	
0.548	0.422	
0.548	0.424	
0.548	0.426	
0.548	0.428	
0.548	0.43	
0.548	0.432	
0.548	0.434	
0.548	0.436	
0.548	0.438	
0.548	0.44	
0.548	0.442	
0.548	0.444	
0.548	0.446	
0.548	0.448	
0.548	0.45	
0.548	0.452	
0.548	0.454	
0.548	0.456	
0.548	0.458	
0.548	0.46	
0.548	0.462	
0.548	0.464	
0.548	0.466	
0.548	0.468	
0.548	0.47	
0.548	0.472	
0.548	0.474	
0.546	0.476	
0.546	0.478	
0.546	0.48	
0.546	0.482	
0.546	0.484	
0.546	0.486	
0.546	0.488	
0.546	0.49	
0.546	0.492	
0.546	0.494	
0.546	0.496	
0.544	0.498	
0.544	0.5	
0.544	0.502	
0.544	0.504	
0.544	0.506	
0.544	0.508	
0.544	0.51	
0.542	0.512	
0.542	0.514	
0.542	0.516	
0.542	0.518	
0.542	0.52	
0.54	0.522	
0.54	0.524	
0.54	0.526	
0.54	0.528	
0.54	0.53	
0.538	0.532	
0.538	0.534	
0.538	0.536	
0.538	0.538	
0.536	0.54	
0.536	0.542	
0.536	0.544	
0.536	0.546	
0.534	0.548	
0.534	0.55	
0.534	0.552	
0.532	0.554	
0.532	0.556	
0.532	0.558	
0.532	0.56	
0.53	0.562	
0.53	0.564	
0.53	0.566	
0.528	0.568	
0.528	0.57	
0.526	0.572	
0.528	0.572	
0.522	0.574	
0.532	0.574	
0.52	0.576	
0.538	0.576	
0.516	0.578	
0.542	0.578	
0.512	0.58	
0.546	0.58	
0.508	0.582	
0.552	0.582	
0.504	0.584	
0.556	0.584	
0.5	0.586	
0.562	0.586	
0.498	0.588	
0.566	0.588	
0.494	0.59	
0.572	0.59	
0.49	0.592	
0.578	0.592	
0.486	0.594	
0.582	0.594	
0.482	0.596	
0.588	0.596	
0.478	0.598	
0.592	0.598	
0.476	0.6	
0.598	0.6	
0.472	0.602	
0.602	0.602	
0.468	0.604	
0.608	0.604	
0.464	0.606	
0.614	0.606	
0.46	0.608	
0.618	0.608	
0.456	0.61	
0.624	0.61	
0.454	0.612	
0.628	0.612	
0.45	0.614	
0.634	0.614	
0.446	0.616	
0.638	0.616	
0.442	0.618	
0.644	0.618	
0.438	0.62	
0.648	0.62	
0.434	0.622	
0.654	0.622	
0.43	0.624	
0.658	0.624	
0.428	0.626	
0.664	0.626	
0.424	0.628	
0.668	0.628	
0.42	0.63	
0.674	0.63	
0.416	0.632	
0.678	0.632	
0.412	0.634	
0.684	0.634	
0.408	0.636	
0.688	0.636	
0.404	0.638	
0.694	0.638	
0.4	0.64	
0.698	0.64	
0.396	0.642	
0.704	0.642	
0.392	0.644	
0.708	0.644	
0.388	0.646	
0.714	0.646	
0.384	0.648	
0.72	0.648	
0.38	0.65	
0.724	0.65	
0.374	0.652	
0.73	0.652	
0.37	0.654	
0.736	0.654	
0.366	0.656	
0.74	0.656	
0.362	0.658	
0.746	0.658	
0.356	0.66	
0.752	0.66	
0.352	0.662	
0.758	0.662	
0.348	0.664	
0.762	0.664	
0.342	0.666	
0.768	0.666	
0.336	0.668	
0.774	0.668	
0.332	0.67	
0.78	0.67	
0.326	0.672	
0.786	0.672	
0.002	0.674	
0.32	0.674	
0.792	0.674	
0.01	0.676	
0.314	0.676	
0.8	0.676	
0.016	0.678	
0.308	0.678	
0.806	0.678	
0.024	0.68	
0.302	0.68	
0.812	0.68	
0.032	0.682	
0.296	0.682	
0.818	0.682	
0.04	0.684	
0.288	0.684	
0.826	0.684	
0.048	0.686	
0.282	0.686	
0.832	0.686	
0.056	0.688	
0.274	0.688	
0.84	0.688	
0.064	0.69	
0.266	0.69	
0.846	0.69	
0.074	0.692	
0.256	0.692	
0.854	0.692	
0.084	0.694	
0.248	0.694	
0.862	0.694	
0.094	0.696	
0.236	0.696	
0.87	0.696	
0.106	0.698	
0.224	0.698	
0.878	0.698	
0.12	0.7	
0.208	0.7	
0.886	0.7	
0.146	0.702	
0.182	0.702	
0.894	0.702	
0.904	0.704	
0.912	0.706	
0.922	0.708	
0.932	0.71	
0.942	0.712	
0.952	0.714	
0.964	0.716	
0.976	0.718	
0.988	0.72	
