0.11	0.0	
0.4	0.0	
0.11	0.002	
0.402	0.002	
0.112	0.004	
0.402	0.004	
0.112	0.006	
0.404	0.006	
0.114	0.008	
0.406	0.008	
0.116	0.01	
0.406	0.01	
0.116	0.012	
0.408	0.012	
0.118	0.014	
0.408	0.014	
0.118	0.016	
0.41	0.016	
0.12	0.018	
0.41	0.018	
0.12	0.02	
0.412	0.02	
0.122	0.022	
0.414	0.022	
0.124	0.024	
0.414	0.024	
0.124	0.026	
0.416	0.026	
0.126	0.028	
0.416	0.028	
0.126	0.03	
0.418	0.03	
0.128	0.032	
0.418	0.032	
0.128	0.034	
0.42	0.034	
0.13	0.036	
0.422	0.036	
0.132	0.038	
0.422	0.038	
0.132	0.04	
0.424	0.04	
0.134	0.042	
0.424	0.042	
0.134	0.044	
0.426	0.044	
0.136	0.046	
0.426	0.046	
0.136	0.048	
0.428	0.048	
0.138	0.05	
0.43	0.05	
0.14	0.052	
0.43	0.052	
0.14	0.054	
0.432	0.054	
0.142	0.056	
0.432	0.056	
0.142	0.058	
0.434	0.058	
0.144	0.06	
0.434	0.06	
0.144	0.062	
0.436	0.062	
0.146	0.064	
0.438	0.064	
0.148	0.066	
0.438	0.066	
0.148	0.068	
0.44	0.068	
0.15	0.07	
0.44	0.07	
0.15	0.072	
0.442	0.072	
0.152	0.074	
0.442	0.074	
0.152	0.076	
0.444	0.076	
0.154	0.078	
0.446	0.078	
0.156	0.08	
0.446	0.08	
0.156	0.082	
0.448	0.082	
0.158	0.084	
0.448	0.084	
0.158	0.086	
0.45	0.086	
0.16	0.088	
0.45	0.088	
0.16	0.09	
0.452	0.09	
0.162	0.092	
0.454	0.092	
0.164	0.094	
0.454	0.094	
0.164	0.096	
0.456	0.096	
0.166	0.098	
0.456	0.098	
0.166	0.1	
0.458	0.1	
0.168	0.102	
0.458	0.102	
0.168	0.104	
0.46	0.104	
0.17	0.106	
0.462	0.106	
0.172	0.108	
0.462	0.108	
0.172	0.11	
0.464	0.11	
0.174	0.112	
0.464	0.112	
0.174	0.114	
0.466	0.114	
0.176	0.116	
0.466	0.116	
0.176	0.118	
0.468	0.118	
0.178	0.12	
0.47	0.12	
0.18	0.122	
0.47	0.122	
0.18	0.124	
0.472	0.124	
0.182	0.126	
0.472	0.126	
0.182	0.128	
0.474	0.128	
0.184	0.13	
0.474	0.13	
0.184	0.132	
0.476	0.132	
0.186	0.134	
0.478	0.134	
0.188	0.136	
0.478	0.136	
0.188	0.138	
0.48	0.138	
0.19	0.14	
0.48	0.14	
0.19	0.142	
0.482	0.142	
0.192	0.144	
0.482	0.144	
0.192	0.146	
0.484	0.146	
0.194	0.148	
0.486	0.148	
0.196	0.15	
0.486	0.15	
0.196	0.152	
0.488	0.152	
0.198	0.154	
0.488	0.154	
0.198	0.156	
0.49	0.156	
0.2	0.158	
0.49	0.158	
0.2	0.16	
0.492	0.16	
0.202	0.162	
0.494	0.162	
0.204	0.164	
0.494	0.164	
0.204	0.166	
0.496	0.166	
0.206	0.168	
0.496	0.168	
0.206	0.17	
0.498	0.17	
0.208	0.172	
0.498	0.172	
0.208	0.174	
0.5	0.174	
0.21	0.176	
0.502	0.176	
0.212	0.178	
0.502	0.178	
0.212	0.18	
0.504	0.18	
0.214	0.182	
0.504	0.182	
0.214	0.184	
0.506	0.184	
0.216	0.186	
0.506	0.186	
0.216	0.188	
0.508	0.188	
0.218	0.19	
0.51	0.19	
0.22	0.192	
0.51	0.192	
0.22	0.194	
0.512	0.194	
0.222	0.196	
0.512	0.196	
0.222	0.198	
0.514	0.198	
0.224	0.2	
0.514	0.2	
0.224	0.202	
0.516	0.202	
0.226	0.204	
0.518	0.204	
0.228	0.206	
0.518	0.206	
0.228	0.208	
0.52	0.208	
0.23	0.21	
0.52	0.21	
0.23	0.212	
0.522	0.212	
0.232	0.214	
0.522	0.214	
0.232	0.216	
0.524	0.216	
0.234	0.218	
0.526	0.218	
0.236	0.22	
0.526	0.22	
0.236	0.222	
0.528	0.222	
0.238	0.224	
0.528	0.224	
0.238	0.226	
0.53	0.226	
0.24	0.228	
0.53	0.228	
0.24	0.23	
0.532	0.23	
0.242	0.232	
0.534	0.232	
0.244	0.234	
0.534	0.234	
0.244	0.236	
0.536	0.236	
0.246	0.238	
0.536	0.238	
0.246	0.24	
0.538	0.24	
0.248	0.242	
0.538	0.242	
0.248	0.244	
0.54	0.244	
0.25	0.246	
0.542	0.246	
0.252	0.248	
0.542	0.248	
0.252	0.25	
0.544	0.25	
0.254	0.252	
0.544	0.252	
0.254	0.254	
0.546	0.254	
0.256	0.256	
0.546	0.256	
0.256	0.258	
0.548	0.258	
0.258	0.26	
0.55	0.26	
0.26	0.262	
0.55	0.262	
0.26	0.264	
0.552	0.264	
0.262	0.266	
0.552	0.266	
0.262	0.268	
0.554	0.268	
0.264	0.27	
0.554	0.27	
0.264	0.272	
0.556	0.272	
0.266	0.274	
0.558	0.274	
0.268	0.276	
0.558	0.276	
0.268	0.278	
0.56	0.278	
0.27	0.28	
0.56	0.28	
0.27	0.282	
0.562	0.282	
0.272	0.284	
0.562	0.284	
0.272	0.286	
0.564	0.286	
0.274	0.288	
0.566	0.288	
0.276	0.29	
0.566	0.29	
0.276	0.292	
0.568	0.292	
0.278	0.294	
0.568	0.294	
0.278	0.296	
0.57	0.296	
0.28	0.298	
0.57	0.298	
0.28	0.3	
0.572	0.3	
0.282	0.302	
0.574	0.302	
0.284	0.304	
0.574	0.304	
0.284	0.306	
0.576	0.306	
0.286	0.308	
0.576	0.308	
0.286	0.31	
0.578	0.31	
0.288	0.312	
0.578	0.312	
0.288	0.314	
0.58	0.314	
0.29	0.316	
0.582	0.316	
0.292	0.318	
0.582	0.318	
0.292	0.32	
0.584	0.32	
0.294	0.322	
0.584	0.322	
0.294	0.324	
0.586	0.324	
0.296	0.326	
0.586	0.326	
0.296	0.328	
0.588	0.328	
0.298	0.33	
0.59	0.33	
0.3	0.332	
0.59	0.332	
0.3	0.334	
0.592	0.334	
0.302	0.336	
0.592	0.336	
0.302	0.338	
0.594	0.338	
0.304	0.34	
0.594	0.34	
0.304	0.342	
0.596	0.342	
0.306	0.344	
0.598	0.344	
0.308	0.346	
0.598	0.346	
0.308	0.348	
0.6	0.348	
0.31	0.35	
0.6	0.35	
0.31	0.352	
0.602	0.352	
0.312	0.354	
0.602	0.354	
0.312	0.356	
0.604	0.356	
0.314	0.358	
0.606	0.358	
0.316	0.36	
0.606	0.36	
0.316	0.362	
0.608	0.362	
0.318	0.364	
0.608	0.364	
0.318	0.366	
0.61	0.366	
0.32	0.368	
0.61	0.368	
0.32	0.37	
0.612	0.37	
0.322	0.372	
0.614	0.372	
0.324	0.374	
0.614	0.374	
0.324	0.376	
0.616	0.376	
0.326	0.378	
0.616	0.378	
0.326	0.38	
0.618	0.38	
0.328	0.382	
0.618	0.382	
0.328	0.384	
0.62	0.384	
0.33	0.386	
0.622	0.386	
0.332	0.388	
0.622	0.388	
0.332	0.39	
0.624	0.39	
0.334	0.392	
0.624	0.392	
0.334	0.394	
0.626	0.394	
0.336	0.396	
0.626	0.396	
0.336	0.398	
0.628	0.398	
0.338	0.4	
0.63	0.4	
0.34	0.402	
0.63	0.402	
0.34	0.404	
0.632	0.404	
0.342	0.406	
0.632	0.406	
0.342	0.408	
0.634	0.408	
0.344	0.41	
0.634	0.41	
0.344	0.412	
0.636	0.412	
0.346	0.414	
0.638	0.414	
0.348	0.416	
0.638	0.416	
0.348	0.418	
0.64	0.418	
0.35	0.42	
0.64	0.42	
0.35	0.422	
0.642	0.422	
0.352	0.424	
0.642	0.424	
0.352	0.426	
0.644	0.426	
0.354	0.428	
0.646	0.428	
0.356	0.43	
0.646	0.43	
0.356	0.432	
0.648	0.432	
0.358	0.434	
0.648	0.434	
0.358	0.436	
0.65	0.436	
0.36	0.438	
0.65	0.438	
0.36	0.44	
0.652	0.44	
0.362	0.442	
0.654	0.442	
0.364	0.444	
0.654	0.444	
0.364	0.446	
0.656	0.446	
0.366	0.448	
0.656	0.448	
0.366	0.45	
0.658	0.45	
0.368	0.452	
0.66	0.452	
0.368	0.454	
0.66	0.454	
0.37	0.456	
0.662	0.456	
0.372	0.458	
0.662	0.458	
0.372	0.46	
0.664	0.46	
0.374	0.462	
0.664	0.462	
0.374	0.464	
0.666	0.464	
0.376	0.466	
0.668	0.466	
0.376	0.468	
0.668	0.468	
0.378	0.47	
0.67	0.47	
0.38	0.472	
0.67	0.472	
0.38	0.474	
0.672	0.474	
0.382	0.476	
0.672	0.476	
0.382	0.478	
0.674	0.478	
0.384	0.48	
0.676	0.48	
0.384	0.482	
0.676	0.482	
0.386	0.484	
0.678	0.484	
0.388	0.486	
0.678	0.486	
0.388	0.488	
0.68	0.488	
0.39	0.49	
0.68	0.49	
0.39	0.492	
0.682	0.492	
0.392	0.494	
0.684	0.494	
0.392	0.496	
0.684	0.496	
0.394	0.498	
0.686	0.498	
0.396	0.5	
0.686	0.5	
0.396	0.502	
0.688	0.502	
0.398	0.504	
0.688	0.504	
0.398	0.506	
0.69	0.506	
0.4	0.508	
0.692	0.508	
0.4	0.51	
0.692	0.51	
0.402	0.512	
0.694	0.512	
0.404	0.514	
0.694	0.514	
0.404	0.516	
0.696	0.516	
0.406	0.518	
0.696	0.518	
0.406	0.52	
0.698	0.52	
0.408	0.522	
0.7	0.522	
0.408	0.524	
0.7	0.524	
0.41	0.526	
0.702	0.526	
0.412	0.528	
0.702	0.528	
0.412	0.53	
0.704	0.53	
0.414	0.532	
0.704	0.532	
0.414	0.534	
0.706	0.534	
0.416	0.536	
0.708	0.536	
0.416	0.538	
0.708	0.538	
0.418	0.54	
0.71	0.54	
0.42	0.542	
0.71	0.542	
0.42	0.544	
0.712	0.544	
0.422	0.546	
0.712	0.546	
0.422	0.548	
0.714	0.548	
0.424	0.55	
0.716	0.55	
0.424	0.552	
0.716	0.552	
0.426	0.554	
0.718	0.554	
0.428	0.556	
0.718	0.556	
0.428	0.558	
0.72	0.558	
0.43	0.56	
0.72	0.56	
0.43	0.562	
0.722	0.562	
0.432	0.564	
0.724	0.564	
0.432	0.566	
0.724	0.566	
0.434	0.568	
0.726	0.568	
0.436	0.57	
0.726	0.57	
0.436	0.572	
0.728	0.572	
0.438	0.574	
0.728	0.574	
0.438	0.576	
0.73	0.576	
0.44	0.578	
0.732	0.578	
0.44	0.58	
0.732	0.58	
0.442	0.582	
0.734	0.582	
0.444	0.584	
0.734	0.584	
0.444	0.586	
0.736	0.586	
0.446	0.588	
0.736	0.588	
0.446	0.59	
0.738	0.59	
0.448	0.592	
0.74	0.592	
0.448	0.594	
0.74	0.594	
0.45	0.596	
0.742	0.596	
0.452	0.598	
0.742	0.598	
0.452	0.6	
0.744	0.6	
0.454	0.602	
0.744	0.602	
0.454	0.604	
0.746	0.604	
0.456	0.606	
0.748	0.606	
0.456	0.608	
0.748	0.608	
0.458	0.61	
0.75	0.61	
0.46	0.612	
0.75	0.612	
0.46	0.614	
0.752	0.614	
0.462	0.616	
0.752	0.616	
0.462	0.618	
0.754	0.618	
0.464	0.62	
0.756	0.62	
0.464	0.622	
0.756	0.622	
0.466	0.624	
0.758	0.624	
0.468	0.626	
0.758	0.626	
0.468	0.628	
0.76	0.628	
0.47	0.63	
0.76	0.63	
0.47	0.632	
0.762	0.632	
0.472	0.634	
0.764	0.634	
0.472	0.636	
0.764	0.636	
0.474	0.638	
0.766	0.638	
0.476	0.64	
0.766	0.64	
0.476	0.642	
0.768	0.642	
0.478	0.644	
0.768	0.644	
0.478	0.646	
0.77	0.646	
0.48	0.648	
0.772	0.648	
0.482	0.65	
0.772	0.65	
0.482	0.652	
0.774	0.652	
0.484	0.654	
0.774	0.654	
0.484	0.656	
0.776	0.656	
0.486	0.658	
0.776	0.658	
0.486	0.66	
0.778	0.66	
0.488	0.662	
0.78	0.662	
0.49	0.664	
0.78	0.664	
0.49	0.666	
0.782	0.666	
0.492	0.668	
0.782	0.668	
0.492	0.67	
0.784	0.67	
0.494	0.672	
0.784	0.672	
0.494	0.674	
0.786	0.674	
0.496	0.676	
0.788	0.676	
0.498	0.678	
0.788	0.678	
0.498	0.68	
0.79	0.68	
0.5	0.682	
0.79	0.682	
0.5	0.684	
0.792	0.684	
0.502	0.686	
0.792	0.686	
0.502	0.688	
0.794	0.688	
0.504	0.69	
0.796	0.69	
0.506	0.692	
0.796	0.692	
0.506	0.694	
0.798	0.694	
0.508	0.696	
0.798	0.696	
0.508	0.698	
0.8	0.698	
0.51	0.7	
0.8	0.7	
0.51	0.702	
0.802	0.702	
0.512	0.704	
0.804	0.704	
0.514	0.706	
0.804	0.706	
0.514	0.708	
0.806	0.708	
0.516	0.71	
0.806	0.71	
0.516	0.712	
0.808	0.712	
0.518	0.714	
0.808	0.714	
0.518	0.716	
0.81	0.716	
0.52	0.718	
0.812	0.718	
0.522	0.72	
0.812	0.72	
0.522	0.722	
0.814	0.722	
0.524	0.724	
0.814	0.724	
0.524	0.726	
0.816	0.726	
0.526	0.728	
0.816	0.728	
0.526	0.73	
0.818	0.73	
0.528	0.732	
0.82	0.732	
0.53	0.734	
0.82	0.734	
0.53	0.736	
0.822	0.736	
0.532	0.738	
0.822	0.738	
0.532	0.74	
0.824	0.74	
0.534	0.742	
0.824	0.742	
0.534	0.744	
0.826	0.744	
0.536	0.746	
0.828	0.746	
0.538	0.748	
0.828	0.748	
0.538	0.75	
0.83	0.75	
0.54	0.752	
0.83	0.752	
0.54	0.754	
0.832	0.754	
0.542	0.756	
0.832	0.756	
0.542	0.758	
0.834	0.758	
0.544	0.76	
0.836	0.76	
0.546	0.762	
0.836	0.762	
0.546	0.764	
0.838	0.764	
0.548	0.766	
0.838	0.766	
0.548	0.768	
0.84	0.768	
0.55	0.77	
0.84	0.77	
0.55	0.772	
0.842	0.772	
0.552	0.774	
0.844	0.774	
0.554	0.776	
0.844	0.776	
0.554	0.778	
0.846	0.778	
0.556	0.78	
0.846	0.78	
0.556	0.782	
0.848	0.782	
0.558	0.784	
0.848	0.784	
0.558	0.786	
0.85	0.786	
0.56	0.788	
0.852	0.788	
0.562	0.79	
0.852	0.79	
0.562	0.792	
0.854	0.792	
0.564	0.794	
0.854	0.794	
0.564	0.796	
0.856	0.796	
0.566	0.798	
0.856	0.798	
0.566	0.8	
0.858	0.8	
0.568	0.802	
0.86	0.802	
0.57	0.804	
0.86	0.804	
0.57	0.806	
0.862	0.806	
0.572	0.808	
0.862	0.808	
0.572	0.81	
0.864	0.81	
0.574	0.812	
0.864	0.812	
0.574	0.814	
0.866	0.814	
0.576	0.816	
0.868	0.816	
0.578	0.818	
0.868	0.818	
0.578	0.82	
0.87	0.82	
0.58	0.822	
0.87	0.822	
0.58	0.824	
0.872	0.824	
0.582	0.826	
0.872	0.826	
0.582	0.828	
0.874	0.828	
0.584	0.83	
0.876	0.83	
0.586	0.832	
0.876	0.832	
0.586	0.834	
0.878	0.834	
0.588	0.836	
0.878	0.836	
0.588	0.838	
0.88	0.838	
0.59	0.84	
0.88	0.84	
0.59	0.842	
0.882	0.842	
0.592	0.844	
0.884	0.844	
0.594	0.846	
0.884	0.846	
0.594	0.848	
0.886	0.848	
0.596	0.85	
0.886	0.85	
0.596	0.852	
0.888	0.852	
0.598	0.854	
0.888	0.854	
0.598	0.856	
0.89	0.856	
0.6	0.858	
0.892	0.858	
0.602	0.86	
0.892	0.86	
0.602	0.862	
0.894	0.862	
0.604	0.864	
0.894	0.864	
0.604	0.866	
0.896	0.866	
0.606	0.868	
0.896	0.868	
0.606	0.87	
0.898	0.87	
0.608	0.872	
0.9	0.872	
0.61	0.874	
0.9	0.874	
0.61	0.876	
0.902	0.876	
0.612	0.878	
0.902	0.878	
0.612	0.88	
0.904	0.88	
0.614	0.882	
0.904	0.882	
0.614	0.884	
0.906	0.884	
0.616	0.886	
0.908	0.886	
0.618	0.888	
0.908	0.888	
0.618	0.89	
0.91	0.89	
0.62	0.892	
0.91	0.892	
0.62	0.894	
0.912	0.894	
0.622	0.896	
0.912	0.896	
0.622	0.898	
0.914	0.898	
0.624	0.9	
0.916	0.9	
0.626	0.902	
0.916	0.902	
0.626	0.904	
0.918	0.904	
0.628	0.906	
0.918	0.906	
0.628	0.908	
0.92	0.908	
0.63	0.91	
0.92	0.91	
0.63	0.912	
0.922	0.912	
0.632	0.914	
0.924	0.914	
0.634	0.916	
0.924	0.916	
0.634	0.918	
0.926	0.918	
0.636	0.92	
0.926	0.92	
0.636	0.922	
0.928	0.922	
0.638	0.924	
0.928	0.924	
0.638	0.926	
0.93	0.926	
0.64	0.928	
0.932	0.928	
0.642	0.93	
0.932	0.93	
0.642	0.932	
0.934	0.932	
0.644	0.934	
0.934	0.934	
0.644	0.936	
0.936	0.936	
0.646	0.938	
0.936	0.938	
0.646	0.94	
0.938	0.94	
0.648	0.942	
0.94	0.942	
0.65	0.944	
0.94	0.944	
0.65	0.946	
0.942	0.946	
0.652	0.948	
0.942	0.948	
0.652	0.95	
0.944	0.95	
0.654	0.952	
0.944	0.952	
0.654	0.954	
0.946	0.954	
0.656	0.956	
0.948	0.956	
0.658	0.958	
0.948	0.958	
0.658	0.96	
0.95	0.96	
0.66	0.962	
0.95	0.962	
0.66	0.964	
0.952	0.964	
0.662	0.966	
0.952	0.966	
0.662	0.968	
0.954	0.968	
0.664	0.97	
0.956	0.97	
0.666	0.972	
0.956	0.972	
0.666	0.974	
0.958	0.974	
0.668	0.976	
0.958	0.976	
0.668	0.978	
0.96	0.978	
0.67	0.98	
0.96	0.98	
0.67	0.982	
0.962	0.982	
0.672	0.984	
0.964	0.984	
0.674	0.986	
0.964	0.986	
0.674	0.988	
0.966	0.988	
0.676	0.99	
0.966	0.99	
0.676	0.992	
0.968	0.992	
0.678	0.994	
0.968	0.994	
0.678	0.996	
0.97	0.996	
0.68	0.998	
0.972	0.998	
